$ANSIBLE_VAULT;1.1;AES256
38333630613535386564383230323964373939366463643765383265306137653632653839333766
6431326430336266363339333932616263376330666134330a613930376434303062643166306139
32643836656565653931366563643562336237613262363636656134313033353737376535313233
3335663837353965650a386137366538613663336237353363663635386331646234363638636138
38636564616639323333643430333533636238623464333938396639323864633737396564303562
38663663646561396164613364353535626265393038343837653138376138303134636335383835
36633661316630313033666462363632653666636566303831393066646461646230373133366661
35363266653164303739386431623461663761353238613466663330366561663835633765303065
61613433623533306538623832313066666531633439353962343635393732366661633530376231
38386531323838633766306366613736613463346435643033386565333734373439623431616437
65323866303465613036386534623735643964356461336538663834353137643038373464313030
65653839313464373963633564643034343938643534396537356635646638643732646332376432
65386430346563353437646136626661616238323362666630323366353939643837373637613232
63363137646139633838303338356261386562623638356230303937346164353065303436363431
33373036346230623435396130623530306136363738363636376533363138623238393533636465
35353837306636616639373863373339336465346166636330383132333265633238313636303264
33323733313466636539646236613537633164383565306264336561316333663639343632376163
66306162393664336665336664323639363062336632633565363962373434366563353038306430
31623066656439343436323663376463333365356361303833646261366433383863313331376661
33616165326434653932343839353230323563306433303234306636366665613031643436613264
36363339376437303636656236626466633963373432646461333031393236646637366339646462
62363162343531353662376261336163653331383035333837643161653661646135333631336663
31303532356265316466333966393564396264393639653332366232303863386661313038323764
61303533663236326362
