$ANSIBLE_VAULT;1.1;AES256
39363062353032316437383265393331636530333433663164363561646631396663616263326335
6239383133393165643230343761306236653637663564340a643938383334303236323534333465
34343838306133643230333636313539343333353934306237666439313136656430376531363562
6263396566643866320a323737386261323663366436343733646565346530623437656431346561
35323263326461336634316231663462633036336562316633643965373930383761326362326361
30653538626132313330376361633561366238343035643965383531323931353363626166346665
31386631313763616465333731656264343932303738323837303233373063623666626163303063
61336530383361646439303730326664393331343964313665663435623161666438633334393339
66383963383166663838313362326336666236626661666666373865346232396635613735643030
38623062396630343736633061303966303561303434613431643536346364323130623461353662
36366164343966373764633733623137326132326530316333373462646662326330356362353661
37326666656138313362366465343261623064323161303661663531373837653634633065323137
36316635393564393330646631366664666537306630666366363234663861626631633561326539
34646666323735333262643438393766323535306632386435383930363839316139633431386434
37336430633833616530653065303133623932323038373162643766353761313431366266343638
36323264353663393961396233343863326163363566326431663438643763633732656239653264
61653766386232396364393466396135376466653332313036363033393433323431356630653162
65383531663637353830643238643835376164623063313930393038633435383838333133323539
37663131633262663964353562306234316463613061623035323232326334646336306636373933
66353038353434336133636164343562656435373631616264636661333834653932376337363436
35363730303263613939396338346163343439386539363439363938353130656264653833613936
63666461623335616131666231303764313430656239643265376635393135633965656565363065
65646366633662333039646338336236363033396436353639383435356238383765333132363833
32663564623261633564326337643765626534643138653434306537623539366133623263313537
64346430393530323964343266333332636231623738653165316464303436663262323636386663
36333630346633626338353233643965313562323132646637636662626566393662393732646266
33653862376430363234613263623731643930623732653837616636643533396635356131336666
66373833626362663930336437346139303231636334363566363137323733376533373930373264
39303639306431303037663033373233613865373239663933323034616632643931336539663564
34393262366437613865623635333236643734646361346639316238306637376239323938363834
63656139363563633261646561376333343837376161373236663535373266336133313066313937
36333032386137623035303137646236663262613836653933303031333131356566373361343833
39383138366561313432303062386166613137356239353236316138623134616163653131386538
36623334633039313035653433616231356638666338636231336239303863626663613062313536
37366634623633383938336461643038323262393866663232376165333662363065303837313964
39376433356234326365643639376636323535316436646331353861353831396462306165326165
36376433323434346365383833396462313836306439663062613838646538323964663834393536
32623736626364613333636631653537336134316463303039373238666538306534313536643232
66383432393562383831303365333238323131323037653366616663636466623361336630383265
61376561376335353138663038616132326161353335343535363961336433663235656462616337
63373134326666333561303731333332663135376538336131663735353266646333336138313163
61366566373937636261656263373963613662373965613661393831346564363966356439626165
35346230366136326266383433343137386464646566343034323239383532326133316333323666
34316366363030633661366536316566666264333934376465353265323262333038313334383135
35356262316139643033396265316533353738653963363638396439313130316563386164306634
66323530316163373436306135396234616238316237303461376337303263386134653263383130
61623831653732366662653263653330363931373432643236616139376530303862303737353665
32373432386236643430653530323463366263616664323762323136306139396338326431323161
66643362386165313864313061363431666336663761366665633536636633646665396664643234
61373464373639616537343431633761623532343038626537343933376566613930653465326430
39336138326364373339636466393732326230343763663836326538386666333963316334363964
30316164386636343132616562376539623935663062663366396163343333613863376230663835
32623636336565656363313231636335663635306130643437333832393835616439343864353037
62396261316534613637393338623163343734306238303163636338646534623166663339316166
30666133613364376337343135336633636364303966373532333334613934323161646362343666
61393339363930373632643465656134666463653731393631383435306561633333306137656661
38323733383765636465626530626239623333623963393962643839623833396363393966633033
31643538626437346462653031376437323936663865353965623839613431306435336532636232
39613364656662326434663661663963373464316161363631383235393064613538666161396539
39333336323635613634376132636261336462616530356164356631666566333635383937306535
36653666653161323931316264613461346130373035363730643831326537376539626337353332
39306562386433343832333463373637376234303566633335643262333339633461303033633962
32633336643865306235356362383663346631666530363163383163613465626630613734393964
62613630653733356531636562623464386530383033663332326633633830336538626539376532
36343765613963366534303538343133616539646537646130656238323233613634366362346237
30383136366465386434343932383132343330343963316637326161633463303464663234336238
66306238396366656530613332376536323261313761383764623561633936303065323236653061
31333366306438343163366465323239646530663062633466666361386134333939616139373163
64663562643135356133666433623466363062303538363132616362313565613935633462336661
36323963316565386661343339353362323930633565393536393464646632376337333964656264
62663533663263663237356130633364653138313766656135663130373466363966333030303564
39373939393035633865646463363034306566366434376637326561333566353533356138616462
61333866383736616437343738356231653034386633373461646564326437396338663432343434
63666636323762316265313865626336626536323732353936303335383731663561303963343538
37393132633637346665383139646533363734636266353736373236626332653839393638663334
35613161643861333261396130653739646635396266323139613237616261393534656361383565
61393064326365316636646165636562313138643630376231373034333132303232346437316232
38323536396139633934623638393738643963313764636634343530376434613533393239356337
36663337396231303161613234643835343637656663653837633238623733306661303038356533
38633466336535643737343865356461333934323333373564336132633461323535626665383338
31376261323937353636313763343030373765626436613065656261343339646539323864336361
63656439633462616466373638346263633036373835363861313738653330363466626362613561
35343665643039633935333831373833626535303135323235356332666138633438633336313666
39316166366231393438643636393730343062353435343631646533303031336138316436666564
65396161663163613839386339303265326564306433323536333731376434326433303565336261
66346637623737653738316166616466636433646339346635303965623836653963376631306531
65653032336365373539663866313434633630666232366530643637343733363033396439643039
62623232616433616263313136613236356231393335306166633738626637333561343330643365
66373634666437633664633830366134393964303466373633303838396464323537616137633965
66336335303037626339366361356166656432633734643438306365626136393261336139636562
34326538386538343537383664636563393630313264393232373533336665333338323232306336
39643261666631323664386330313034356338333162663463313233613163376334396334323933
30633338333134326534666232316238323431343732303862393762323964313036353661316434
31643964303230626339356366653165343161313035633062636466323166383263313065366563
35663261316132623163653561633230363062623038623533306362623465306239646561663338
61363431323436336163643134613864646163333633613061313730343562313532623565623433
35623238316437363832656462646165613539303763646431656163616631663364643433653338
33633136303833313437323662666231353531323135306638626363353766363862373034353033
34363832386634393265373733373131353635343565653739393336363337636564383965363364
66666436393539666530353162376163663536303930663436666563343932303836343536386130
30303136333037663864393639633835313663633830336566376163663965373065336561396335
64636430316563663163333763383965323439636166383832303138373232386138313138666239
34653330326332626562646431336234383536366236356338633464383034383137626337363862
65383430633963303238343562343031343133356563303663323565303261323037333633636164
33613864383966303734363933623661623834656635393861376261613266656235653336613634
62356636316537396436383437333330656137383936643137666162623263383238636164626262
31383130336665633561346335646264333766646466633432343162393333646438366130306634
38663561363333646435336439376230363239653963376438363563313938636162626431626430
35363964663138366538666264326639353066383031346631666230363030656132393434383364
63613362306661383761323561663432303263393263643934656234373035383131656164666133
64613033333765633961376535643665623035386132653364383732373966666435643361366434
63303739613337623962336638343830303637343531316664616639636562313366623830306636
64663633356334323034313666663631383435363033373130633261616238663638353862633533
61313435393432613132626630373937643666393761613330626465663936343635653837653039
61626265663962653662383430326466613264386463366561623361343537376537383130386563
34643163336337356436386662343735353138316231363833643631346262343162666235636632
66363635626132316264353265316635373638313765333035323639353731643732363565356633
35323230383763353161376633623133336662333866346663363638396466363961396161663935
34626137363966613533363966393437363766363038303234656136373732613737333936343436
38643036306232333861356438303033316436353837303938633366626133383932646163393235
32323233373265343964653936383734643232643339363935616334323666336361643832333331
31376331363239396166306337316564383338356463346437623964383637386163653431613961
62616436366638643334363537623630383336316535303435653835376635623339363766383938
61356137623736643435373063633033616233613436316531353338363064636332386466396338
62653666383537386164653534333462643133643033333366383732623033656365373435323536
39616334616464633231383162396463303831633735636530326133616434613239363262313835
31666562666534323165356531343763333938323736653664376234303861623237373234323963
34386666646235666634666138643031623232313161626162396137366666623631393436313833
61343834343664363162356431633866343635383866646332373235353434333464313165303531
36613239383336626163666233313131643665636463363935626636366231623830626136333437
35353763353861333161363435623561303639366530363736343935326536663239666265336465
37653464643930656136663663336263613463623731653064633362393335623331633033396334
61343462386334633731666131653238376137376232626262613532356338663536333032383963
32663538353866336135373562313163363361336433663938653734363663306436613531386263
34636363323032313430353338373333623761353464383664333533653863323130666334616463
31623263343065383839653436613330616435336631643034393065336662313264633166383365
36646238653834346431396233633262323330373538346363643863376261373238373863373034
38313436343339346335346139333638316466393266353334343563336561303436343066643339
63393830656664353861353738306631393334326538313466626461356235396538353331393866
30373339313434333738663139653466663265653731366237316464376535376164656661373533
37633936643737643535316636656564343437626532383736633065306364613432313462613433
63613638633032326261313634356563623464323461333361663835373631326637316537346262
63633130383332646462313234666333383436623462326131653836663435373831623432373830
33373364336665306261626132376564633862376638343065613565346438633765386230396335
61666566656261626631643662306464383938333033326362643932646631663637336231383565
61356261396630663130366532386462366139383562393731306533623335343035323065333037
32353565663563323962343831383937336564396334353365386131626333613035313361316439
38373535636132636363303865373834396333323130353063633834333335656363386466316435
35616532313165623031343565626664623863376434383962336632346139646534376461613761
30353036626336346432336463636230666665303338626337386231373961633830333962383530
34383039353833306366666230393939643862663866366264383234666534366532653165393965
64373835666130656638363565383632383232643462653432323235623838646662633933336163
62323664333038646238333866626366666336373862616530663638663631386534393338663732
31643835613263353465383161383566303763663630653365326564363735613031623866333866
63363133353836313332343930646566633031386365333435633865363138343835373965356261
34643461336536346661643566396334363261666463313631333333316334313766396264383233
38376630373838663835663237323763373836323933646165633631616431386233333739393961
65363634303737313039383066363039393565626431616631333764626236396466613532633139
36363737633061346238666635376336306430613338303036363537383231336566396533393764
38623564303836373332396339623031613264323234343363366634363433656535383065353962
37623463393534616161656563663465623766363937646561336266336432616365356566643662
35343237313138306235393562353766306665633532663033323733336231333337653037633638
30633964383231396136336361653736333461663163373731643664653539653861303135306434
64306331373363666335316133323932383833373038653065323235353333636432326363346534
38356635666333356236383238393932663930353430626339636336656131383338363834616562
37376565336332663233613066393363613838373330363163643863323530336465643031626663
63383030323836646636626632313133383363643431313338356433336536303038343932303737
35646238336431383830663038613437316139396438336535316431646464653566333035333030
37633162373562343236303265663933656230313736653365623333623631303333613561613137
63306539336265653339663431356338386238313266303238646234623336613539353631306630
62646234616263373963343161306631323934396631326530643535363639383732333264303165
66393533633239386638336165306466653564303539393631336465633130636262613237396139
35623731333435323164326133333230343236633734656139353866313063656336
